U3_M2_Lower = {
	3100, 3100, 3100, 3100, 3100, 3100, 3100, 3100, 3100, 3100, 3100, 3100, 3100, 3100, 3100,
	3100, 3100, 3100, 3100, 3100, 3100, 3100, 3100, 3100, 3100, 3100, 3100, 3100, 3100, 3100,
	3100, 3100, 3100, 3100, 3100, 3100, 3100, 3100, 3100, 3100, 3100, 3100, 3100, 3100, 3100,
	3100, 3100, 3100, 3100, 3100, 3100, 3100, 3100, 3100, 3100, 3100, 3100, 3100, 3100, 3100,
	3100, 3100, 3100, 3100, 3100, 3100, 3100, 3100, 3100, 3100, 3100, 3100, 3100, 3100, 3100,
	3100, 3100, 3100, 3100, 3100, 3100, 3100, 3100, 3100, 3100, 3100, 3100, 3100, 3100, 3100,
	3100, 3100, 3100, 3100, 3100, 3100, 3100, 3100, 3100, 3100, 3100, 3100, 3100, 3100, 3100,
	3100, 3100, 3100, 3100, 3100, 3100, 3100, 3100, 3100, 3100, 3100, 3100, 3100, 3100, 3100,
	3100, 3100, 3100, 3100, 3100, 3100, 3100, 3100, 3100, 3100, 3100, 3100, 3100, 3100, 3100,
	3100, 3100, 3100, 3100, 3100, 3100, 3100, 3100, 3100, 3100, 3100, 3100, 3100, 3100, 3100,
	3100, 3100, 3100, 3100, 3100, 3100, 3100, 3100, 3100, 3100, 3100, 3100, 3100, 3100, 3100,
	3100, 3100, 3100, 3100, 3100, 3100, 3100, 3100, 3100, 3100, 3100, 3100, 3100, 3100, 3100,
	3100, 3100, 3100, 3100, 3100, 3100, 3100, 3100, 3100, 3100, 3100, 3100, 3100, 3100, 3100,
	3100, 3100, 3100, 3100, 3100, 3100, 3100, 3100, 3100, 3100, 3100, 3100, 3100, 3100, 3100,
	3100, 3100, 3100, 3100, 3100, 3100, 3100, 3100, 3100, 3100, 3100, 3100, 3100, 3100, 3100,
	3100, 3100, 3100, 3100, 3100, 3100, 3100, 3100, 3100, 3100, 3100, 3100, 3100, 3100, 3100,
	3100, 3100, 3100, 3100, 3100, 3100, 3100, 3100, 3100, 3100, 3100, 3100, 3100, 3100, 3100,
	3100, 3100, 3100, 3100, 3100, 3100, 3100, 3100, 3100, 3100, 3100, 3100, 3100, 3100, 3100,
	3100, 3100, 3100, 3100, 3100, 3100, 3100, 3100, 3100, 3100, 3100, 3100, 3100, 3100, 3100,
	3100, 3100, 3100, 3100, 3100, 3100, 3100, 3100, 3100, 3100, 3100, 3100, 3100, 3100, 3100,
	3100, 3100, 3100, 3100, 3100, 3100, 3100, 3100, 3100, 3100, 3100, 3100, 3100, 3100, 3100,
	3100, 3100, 3100, 3100, 3100, 3100, 3100, 3100, 3100, 3100, 3100, 3100, 3100, 3100, 3100,
	3100, 3100, 3100, 3100, 3100, 3100, 3100, 3100, 3100, 3100, 3100, 3100, 3100, 3100, 3100,
	3100, 3100, 3100, 3100, 3100, 3100, 3100, 3100, 3100, 3100, 3100, 3100, 3100, 3100, 3100,
	3100, 3100, 3100, 3100, 3100, 3100, 3100, 3100, 3100, 3100, 3100, 3100, 3100, 3100, 3100,
	3100, 3100, 3100, 3100, 3100, 3100, 3100, 3100, 3100, 3100, 3100, 3100, 3100, 3100, 3100,
}
U3_M2_Upper = {
	5900, 5900, 5900, 5900, 5900, 5900, 5900, 5900, 5900, 5900, 5900, 5900, 5900, 5900, 5900,
	5900, 5900, 5900, 5900, 5900, 5900, 5900, 5900, 5900, 5900, 5900, 5900, 5900, 5900, 5900,
	5900, 5900, 5900, 5900, 5900, 5900, 5900, 5900, 5900, 5900, 5900, 5900, 5900, 5900, 5900,
	5900, 5900, 5900, 5900, 5900, 5900, 5900, 5900, 5900, 5900, 5900, 5900, 5900, 5900, 5900,
	5900, 5900, 5900, 5900, 5900, 5900, 5900, 5900, 5900, 5900, 5900, 5900, 5900, 5900, 5900,
	5900, 5900, 5900, 5900, 5900, 5900, 5900, 5900, 5900, 5900, 5900, 5900, 5900, 5900, 5900,
	5900, 5900, 5900, 5900, 5900, 5900, 5900, 5900, 5900, 5900, 5900, 5900, 5900, 5900, 5900,
	5900, 5900, 5900, 5900, 5900, 5900, 5900, 5900, 5900, 5900, 5900, 5900, 5900, 5900, 5900,
	5900, 5900, 5900, 5900, 5900, 5900, 5900, 5900, 5900, 5900, 5900, 5900, 5900, 5900, 5900,
	5900, 5900, 5900, 5900, 5900, 5900, 5900, 5900, 5900, 5900, 5900, 5900, 5900, 5900, 5900,
	5900, 5900, 5900, 5900, 5900, 5900, 5900, 5900, 5900, 5900, 5900, 5900, 5900, 5900, 5900,
	5900, 5900, 5900, 5900, 5900, 5900, 5900, 5900, 5900, 5900, 5900, 5900, 5900, 5900, 5900,
	5900, 5900, 5900, 5900, 5900, 5900, 5900, 5900, 5900, 5900, 5900, 5900, 5900, 5900, 5900,
	5900, 5900, 5900, 5900, 5900, 5900, 5900, 5900, 5900, 5900, 5900, 5900, 5900, 5900, 5900,
	5900, 5900, 5900, 5900, 5900, 5900, 5900, 5900, 5900, 5900, 5900, 5900, 5900, 5900, 5900,
	5900, 5900, 5900, 5900, 5900, 5900, 5900, 5900, 5900, 5900, 5900, 5900, 5900, 5900, 5900,
	5900, 5900, 5900, 5900, 5900, 5900, 5900, 5900, 5900, 5900, 5900, 5900, 5900, 5900, 5900,
	5900, 5900, 5900, 5900, 5900, 5900, 5900, 5900, 5900, 5900, 5900, 5900, 5900, 5900, 5900,
	5900, 5900, 5900, 5900, 5900, 5900, 5900, 5900, 5900, 5900, 5900, 5900, 5900, 5900, 5900,
	5900, 5900, 5900, 5900, 5900, 5900, 5900, 5900, 5900, 5900, 5900, 5900, 5900, 5900, 5900,
	5900, 5900, 5900, 5900, 5900, 5900, 5900, 5900, 5900, 5900, 5900, 5900, 5900, 5900, 5900,
	5900, 5900, 5900, 5900, 5900, 5900, 5900, 5900, 5900, 5900, 5900, 5900, 5900, 5900, 5900,
	5900, 5900, 5900, 5900, 5900, 5900, 5900, 5900, 5900, 5900, 5900, 5900, 5900, 5900, 5900,
	5900, 5900, 5900, 5900, 5900, 5900, 5900, 5900, 5900, 5900, 5900, 5900, 5900, 5900, 5900,
	5900, 5900, 5900, 5900, 5900, 5900, 5900, 5900, 5900, 5900, 5900, 5900, 5900, 5900, 5900,
	5900, 5900, 5900, 5900, 5900, 5900, 5900, 5900, 5900, 5900, 5900, 5900, 5900, 5900, 5900,
}
U0_M2_Lower = {
	3100, 3100, 3100, 3100, 3100, 3100, 3100, 3100, 3100, 3100, 3100, 3100, 3100, 3100, 3100,
	3100, 3100, 3100, 3100, 3100, 3100, 3100, 3100, 3100, 3100, 3100, 3100, 3100, 3100, 3100,
	3100, 3100, 3100, 3100, 3100, 3100, 3100, 3100, 3100, 3100, 3100, 3100, 3100, 3100, 3100,
	3100, 3100, 3100, 3100, 3100, 3100, 3100, 3100, 3100, 3100, 3100, 3100, 3100, 3100, 3100,
	3100, 3100, 3100, 3100, 3100, 3100, 3100, 3100, 3100, 3100, 3100, 3100, 3100, 3100, 3100,
	3100, 3100, 3100, 3100, 3100, 3100, 3100, 3100, 3100, 3100, 3100, 3100, 3100, 3100, 3100,
	3100, 3100, 3100, 3100, 3100, 3100, 3100, 3100, 3100, 3100, 3100, 3100, 3100, 3100, 3100,
	3100, 3100, 3100, 3100, 3100, 3100, 3100, 3100, 3100, 3100, 3100, 3100, 3100, 3100, 3100,
	3100, 3100, 3100, 3100, 3100, 3100, 3100, 3100, 3100, 3100, 3100, 3100, 3100, 3100, 3100,
	3100, 3100, 3100, 3100, 3100, 3100, 3100, 3100, 3100, 3100, 3100, 3100, 3100, 3100, 3100,
	3100, 3100, 3100, 3100, 3100, 3100, 3100, 3100, 3100, 3100, 3100, 3100, 3100, 3100, 3100,
	3100, 3100, 3100, 3100, 3100, 3100, 3100, 3100, 3100, 3100, 3100, 3100, 3100, 3100, 3100,
	3100, 3100, 3100, 3100, 3100, 3100, 3100, 3100, 3100, 3100, 3100, 3100, 3100, 3100, 3100,
	3100, 3100, 3100, 3100, 3100, 3100, 3100, 3100, 3100, 3100, 3100, 3100, 3100, 3100, 3100,
	3100, 3100, 3100, 3100, 3100, 3100, 3100, 3100, 3100, 3100, 3100, 3100, 3100, 3100, 3100,
	3100, 3100, 3100, 3100, 3100, 3100, 3100, 3100, 3100, 3100, 3100, 3100, 3100, 3100, 3100,
	3100, 3100, 3100, 3100, 3100, 3100, 3100, 3100, 3100, 3100, 3100, 3100, 3100, 3100, 3100,
	3100, 3100, 3100, 3100, 3100, 3100, 3100, 3100, 3100, 3100, 3100, 3100, 3100, 3100, 3100,
	3100, 3100, 3100, 3100, 3100, 3100, 3100, 3100, 3100, 3100, 3100, 3100, 3100, 3100, 3100,
	3100, 3100, 3100, 3100, 3100, 3100, 3100, 3100, 3100, 3100, 3100, 3100, 3100, 3100, 3100,
	3100, 3100, 3100, 3100, 3100, 3100, 3100, 3100, 3100, 3100, 3100, 3100, 3100, 3100, 3100,
	3100, 3100, 3100, 3100, 3100, 3100, 3100, 3100, 3100, 3100, 3100, 3100, 3100, 3100, 3100,
	3100, 3100, 3100, 3100, 3100, 3100, 3100, 3100, 3100, 3100, 3100, 3100, 3100, 3100, 3100,
	3100, 3100, 3100, 3100, 3100, 3100, 3100, 3100, 3100, 3100, 3100, 3100, 3100, 3100, 3100,
	3100, 3100, 3100, 3100, 3100, 3100, 3100, 3100, 3100, 3100, 3100, 3100, 3100, 3100, 3100,
	3100, 3100, 3100, 3100, 3100, 3100, 3100, 3100, 3100, 3100, 3100, 3100, 3100, 3100, 3100,
}
U0_M2_Upper = {
	5900, 5900, 5900, 5900, 5900, 5900, 5900, 5900, 5900, 5900, 5900, 5900, 5900, 5900, 5900,
	5900, 5900, 5900, 5900, 5900, 5900, 5900, 5900, 5900, 5900, 5900, 5900, 5900, 5900, 5900,
	5900, 5900, 5900, 5900, 5900, 5900, 5900, 5900, 5900, 5900, 5900, 5900, 5900, 5900, 5900,
	5900, 5900, 5900, 5900, 5900, 5900, 5900, 5900, 5900, 5900, 5900, 5900, 5900, 5900, 5900,
	5900, 5900, 5900, 5900, 5900, 5900, 5900, 5900, 5900, 5900, 5900, 5900, 5900, 5900, 5900,
	5900, 5900, 5900, 5900, 5900, 5900, 5900, 5900, 5900, 5900, 5900, 5900, 5900, 5900, 5900,
	5900, 5900, 5900, 5900, 5900, 5900, 5900, 5900, 5900, 5900, 5900, 5900, 5900, 5900, 5900,
	5900, 5900, 5900, 5900, 5900, 5900, 5900, 5900, 5900, 5900, 5900, 5900, 5900, 5900, 5900,
	5900, 5900, 5900, 5900, 5900, 5900, 5900, 5900, 5900, 5900, 5900, 5900, 5900, 5900, 5900,
	5900, 5900, 5900, 5900, 5900, 5900, 5900, 5900, 5900, 5900, 5900, 5900, 5900, 5900, 5900,
	5900, 5900, 5900, 5900, 5900, 5900, 5900, 5900, 5900, 5900, 5900, 5900, 5900, 5900, 5900,
	5900, 5900, 5900, 5900, 5900, 5900, 5900, 5900, 5900, 5900, 5900, 5900, 5900, 5900, 5900,
	5900, 5900, 5900, 5900, 5900, 5900, 5900, 5900, 5900, 5900, 5900, 5900, 5900, 5900, 5900,
	5900, 5900, 5900, 5900, 5900, 5900, 5900, 5900, 5900, 5900, 5900, 5900, 5900, 5900, 5900,
	5900, 5900, 5900, 5900, 5900, 5900, 5900, 5900, 5900, 5900, 5900, 5900, 5900, 5900, 5900,
	5900, 5900, 5900, 5900, 5900, 5900, 5900, 5900, 5900, 5900, 5900, 5900, 5900, 5900, 5900,
	5900, 5900, 5900, 5900, 5900, 5900, 5900, 5900, 5900, 5900, 5900, 5900, 5900, 5900, 5900,
	5900, 5900, 5900, 5900, 5900, 5900, 5900, 5900, 5900, 5900, 5900, 5900, 5900, 5900, 5900,
	5900, 5900, 5900, 5900, 5900, 5900, 5900, 5900, 5900, 5900, 5900, 5900, 5900, 5900, 5900,
	5900, 5900, 5900, 5900, 5900, 5900, 5900, 5900, 5900, 5900, 5900, 5900, 5900, 5900, 5900,
	5900, 5900, 5900, 5900, 5900, 5900, 5900, 5900, 5900, 5900, 5900, 5900, 5900, 5900, 5900,
	5900, 5900, 5900, 5900, 5900, 5900, 5900, 5900, 5900, 5900, 5900, 5900, 5900, 5900, 5900,
	5900, 5900, 5900, 5900, 5900, 5900, 5900, 5900, 5900, 5900, 5900, 5900, 5900, 5900, 5900,
	5900, 5900, 5900, 5900, 5900, 5900, 5900, 5900, 5900, 5900, 5900, 5900, 5900, 5900, 5900,
	5900, 5900, 5900, 5900, 5900, 5900, 5900, 5900, 5900, 5900, 5900, 5900, 5900, 5900, 5900,
	5900, 5900, 5900, 5900, 5900, 5900, 5900, 5900, 5900, 5900, 5900, 5900, 5900, 5900, 5900,
}
U0_M1_Lower = {
	200, 200, 200, 200, 200, 200, 200, 200, 200, 200, 200, 200, 200, 200, 200,
	200, 200, 200, 200, 200, 200, 200, 200, 200, 200, 200, 200, 200, 200, 200,
	200, 200, 200, 200, 200, 200, 200, 200, 200, 200, 200, 200, 200, 200, 200,
	200, 200, 200, 200, 200, 200, 200, 200, 200, 200, 200, 200, 200, 200, 200,
	200, 200, 200, 200, 200, 200, 200, 200, 200, 200, 200, 200, 200, 200, 200,
	200, 200, 200, 200, 200, 200, 200, 200, 200, 200, 200, 200, 200, 200, 200,
	200, 200, 200, 200, 200, 200, 200, 200, 200, 200, 200, 200, 200, 200, 200,
	200, 200, 200, 200, 200, 200, 200, 200, 200, 200, 200, 200, 200, 200, 200,
	200, 200, 200, 200, 200, 200, 200, 200, 200, 200, 200, 200, 200, 200, 200,
	200, 200, 200, 200, 200, 200, 200, 200, 200, 200, 200, 200, 200, 200, 200,
	200, 200, 200, 200, 200, 200, 200, 200, 200, 200, 200, 200, 200, 200, 200,
	200, 200, 200, 200, 200, 200, 200, 200, 200, 200, 200, 200, 200, 200, 200,
	200, 200, 200, 200, 200, 200, 200, 200, 200, 200, 200, 200, 200, 200, 200,
	200, 200, 200, 200, 200, 200, 200, 200, 200, 200, 200, 200, 200, 200, 200,
	200, 200, 200, 200, 200, 200, 200, 200, 200, 200, 200, 200, 200, 200, 200,
	200, 200, 200, 200, 200, 200, 200, 200, 200, 200, 200, 200, 200, 200, 200,
	200, 200, 200, 200, 200, 200, 200, 200, 200, 200, 200, 200, 200, 200, 200,
	200, 200, 200, 200, 200, 200, 200, 200, 200, 200, 200, 200, 200, 200, 200,
	200, 200, 200, 200, 200, 200, 200, 200, 200, 200, 200, 200, 200, 200, 200,
	200, 200, 200, 200, 200, 200, 200, 200, 200, 200, 200, 200, 200, 200, 200,
	200, 200, 200, 200, 200, 200, 200, 200, 200, 200, 200, 200, 200, 200, 200,
	200, 200, 200, 200, 200, 200, 200, 200, 200, 200, 200, 200, 200, 200, 200,
	200, 200, 200, 200, 200, 200, 200, 200, 200, 200, 200, 200, 200, 200, 200,
	200, 200, 200, 200, 200, 200, 200, 200, 200, 200, 200, 200, 200, 200, 200,
	200, 200, 200, 200, 200, 200, 200, 200, 200, 200, 200, 200, 200, 200, 200,
	200, 200, 200, 200, 200, 200, 200, 200, 200, 200, 200, 200, 200, 200, 200,
}
U0_M1_Upper = {
	1800, 1800, 1800, 1800, 1800, 1800, 1800, 1800, 1800, 1800, 1800, 1800, 1800, 1800, 1800,
	1800, 1800, 1800, 1800, 1800, 1800, 1800, 1800, 1800, 1800, 1800, 1800, 1800, 1800, 1800,
	1800, 1800, 1800, 1800, 1800, 1800, 1800, 1800, 1800, 1800, 1800, 1800, 1800, 1800, 1800,
	1800, 1800, 1800, 1800, 1800, 1800, 1800, 1800, 1800, 1800, 1800, 1800, 1800, 1800, 1800,
	1800, 1800, 1800, 1800, 1800, 1800, 1800, 1800, 1800, 1800, 1800, 1800, 1800, 1800, 1800,
	1800, 1800, 1800, 1800, 1800, 1800, 1800, 1800, 1800, 1800, 1800, 1800, 1800, 1800, 1800,
	1800, 1800, 1800, 1800, 1800, 1800, 1800, 1800, 1800, 1800, 1800, 1800, 1800, 1800, 1800,
	1800, 1800, 1800, 1800, 1800, 1800, 1800, 1800, 1800, 1800, 1800, 1800, 1800, 1800, 1800,
	1800, 1800, 1800, 1800, 1800, 1800, 1800, 1800, 1800, 1800, 1800, 1800, 1800, 1800, 1800,
	1800, 1800, 1800, 1800, 1800, 1800, 1800, 1800, 1800, 1800, 1800, 1800, 1800, 1800, 1800,
	1800, 1800, 1800, 1800, 1800, 1800, 1800, 1800, 1800, 1800, 1800, 1800, 1800, 1800, 1800,
	1800, 1800, 1800, 1800, 1800, 1800, 1800, 1800, 1800, 1800, 1800, 1800, 1800, 1800, 1800,
	1800, 1800, 1800, 1800, 1800, 1800, 1800, 1800, 1800, 1800, 1800, 1800, 1800, 1800, 1800,
	1800, 1800, 1800, 1800, 1800, 1800, 1800, 1800, 1800, 1800, 1800, 1800, 1800, 1800, 1800,
	1800, 1800, 1800, 1800, 1800, 1800, 1800, 1800, 1800, 1800, 1800, 1800, 1800, 1800, 1800,
	1800, 1800, 1800, 1800, 1800, 1800, 1800, 1800, 1800, 1800, 1800, 1800, 1800, 1800, 1800,
	1800, 1800, 1800, 1800, 1800, 1800, 1800, 1800, 1800, 1800, 1800, 1800, 1800, 1800, 1800,
	1800, 1800, 1800, 1800, 1800, 1800, 1800, 1800, 1800, 1800, 1800, 1800, 1800, 1800, 1800,
	1800, 1800, 1800, 1800, 1800, 1800, 1800, 1800, 1800, 1800, 1800, 1800, 1800, 1800, 1800,
	1800, 1800, 1800, 1800, 1800, 1800, 1800, 1800, 1800, 1800, 1800, 1800, 1800, 1800, 1800,
	1800, 1800, 1800, 1800, 1800, 1800, 1800, 1800, 1800, 1800, 1800, 1800, 1800, 1800, 1800,
	1800, 1800, 1800, 1800, 1800, 1800, 1800, 1800, 1800, 1800, 1800, 1800, 1800, 1800, 1800,
	1800, 1800, 1800, 1800, 1800, 1800, 1800, 1800, 1800, 1800, 1800, 1800, 1800, 1800, 1800,
	1800, 1800, 1800, 1800, 1800, 1800, 1800, 1800, 1800, 1800, 1800, 1800, 1800, 1800, 1800,
	1800, 1800, 1800, 1800, 1800, 1800, 1800, 1800, 1800, 1800, 1800, 1800, 1800, 1800, 1800,
	1800, 1800, 1800, 1800, 1800, 1800, 1800, 1800, 1800, 1800, 1800, 1800, 1800, 1800, 1800,
}
U3_BLU_JITTER_Lower = {
	0, 0, 0, 0, 0, 0, 0, 0, 0, 0, 0, 0, 0, 0, 0,
	0, 0, 0, 0, 0, 0, 0, 0, 0, 0, 0, 0, 0, 0, 0,
	0, 0, 0, 0, 0, 0, 0, 0, 0, 0, 0, 0, 0, 0, 0,
	0, 0, 0, 0, 0, 0, 0, 0, 0, 0, 0, 0, 0, 0, 0,
	0, 0, 0, 0, 0, 0, 0, 0, 0, 0, 0, 0, 0, 0, 0,
	0, 0, 0, 0, 0, 0, 0, 0, 0, 0, 0, 0, 0, 0, 0,
	0, 0, 0, 0, 0, 0, 0, 0, 0, 0, 0, 0, 0, 0, 0,
	0, 0, 0, 0, 0, 0, 0, 0, 0, 0, 0, 0, 0, 0, 0,
	0, 0, 0, 0, 0, 0, 0, 0, 0, 0, 0, 0, 0, 0, 0,
	0, 0, 0, 0, 0, 0, 0, 0, 0, 0, 0, 0, 0, 0, 0,
	0, 0, 0, 0, 0, 0, 0, 0, 0, 0, 0, 0, 0, 0, 0,
	0, 0, 0, 0, 0, 0, 0, 0, 0, 0, 0, 0, 0, 0, 0,
	0, 0, 0, 0, 0, 0, 0, 0, 0, 0, 0, 0, 0, 0, 0,
	0, 0, 0, 0, 0, 0, 0, 0, 0, 0, 0, 0, 0, 0, 0,
	0, 0, 0, 0, 0, 0, 0, 0, 0, 0, 0, 0, 0, 0, 0,
	0, 0, 0, 0, 0, 0, 0, 0, 0, 0, 0, 0, 0, 0, 0,
	0, 0, 0, 0, 0, 0, 0, 0, 0, 0, 0, 0, 0, 0, 0,
	0, 0, 0, 0, 0, 0, 0, 0, 0, 0, 0, 0, 0, 0, 0,
	0, 0, 0, 0, 0, 0, 0, 0, 0, 0, 0, 0, 0, 0, 0,
	0, 0, 0, 0, 0, 0, 0, 0, 0, 0, 0, 0, 0, 0, 0,
	0, 0, 0, 0, 0, 0, 0, 0, 0, 0, 0, 0, 0, 0, 0,
	0, 0, 0, 0, 0, 0, 0, 0, 0, 0, 0, 0, 0, 0, 0,
	0, 0, 0, 0, 0, 0, 0, 0, 0, 0, 0, 0, 0, 0, 0,
	0, 0, 0, 0, 0, 0, 0, 0, 0, 0, 0, 0, 0, 0, 0,
	0, 0, 0, 0, 0, 0, 0, 0, 0, 0, 0, 0, 0, 0, 0,
	0, 0, 0, 0, 0, 0, 0, 0, 0, 0, 0, 0, 0, 0, 0,
}
U3_BLU_JITTER_Upper = {
	85, 85, 85, 85, 85, 85, 85, 85, 85, 85, 85, 85, 85, 85, 85,
	85, 85, 85, 85, 85, 85, 85, 85, 85, 85, 85, 85, 85, 85, 85,
	85, 85, 85, 85, 85, 85, 85, 85, 85, 85, 85, 85, 85, 85, 85,
	85, 85, 85, 85, 85, 85, 85, 85, 85, 85, 85, 85, 85, 85, 85,
	85, 85, 85, 85, 85, 85, 85, 85, 85, 85, 85, 85, 85, 85, 85,
	85, 85, 85, 85, 85, 85, 85, 85, 85, 85, 85, 85, 85, 85, 85,
	85, 85, 85, 85, 85, 85, 85, 85, 85, 85, 85, 85, 85, 85, 85,
	85, 85, 85, 85, 85, 85, 85, 85, 85, 85, 85, 85, 85, 85, 85,
	85, 85, 85, 85, 85, 85, 85, 85, 85, 85, 85, 85, 85, 85, 85,
	85, 85, 85, 85, 85, 85, 85, 85, 85, 85, 85, 85, 85, 85, 85,
	85, 85, 85, 85, 85, 85, 85, 85, 85, 85, 85, 85, 85, 85, 85,
	85, 85, 85, 85, 85, 85, 85, 85, 85, 85, 85, 85, 85, 85, 85,
	85, 85, 85, 85, 85, 85, 85, 85, 85, 85, 85, 85, 85, 85, 85,
	85, 85, 85, 85, 85, 85, 85, 85, 85, 85, 85, 85, 85, 85, 85,
	85, 85, 85, 85, 85, 85, 85, 85, 85, 85, 85, 85, 85, 85, 85,
	85, 85, 85, 85, 85, 85, 85, 85, 85, 85, 85, 85, 85, 85, 85,
	85, 85, 85, 85, 85, 85, 85, 85, 85, 85, 85, 85, 85, 85, 85,
	85, 85, 85, 85, 85, 85, 85, 85, 85, 85, 85, 85, 85, 85, 85,
	85, 85, 85, 85, 85, 85, 85, 85, 85, 85, 85, 85, 85, 85, 85,
	85, 85, 85, 85, 85, 85, 85, 85, 85, 85, 85, 85, 85, 85, 85,
	85, 85, 85, 85, 85, 85, 85, 85, 85, 85, 85, 85, 85, 85, 85,
	85, 85, 85, 85, 85, 85, 85, 85, 85, 85, 85, 85, 85, 85, 85,
	85, 85, 85, 85, 85, 85, 85, 85, 85, 85, 85, 85, 85, 85, 85,
	85, 85, 85, 85, 85, 85, 85, 85, 85, 85, 85, 85, 85, 85, 85,
	85, 85, 85, 85, 85, 85, 85, 85, 85, 85, 85, 85, 85, 85, 85,
	85, 85, 85, 85, 85, 85, 85, 85, 85, 85, 85, 85, 85, 85, 85,
}
U3_JITTER_Lower = {
	0, 0, 0, 0, 0, 0, 0, 0, 0, 0, 0, 0, 0, 0, 0,
	0, 0, 0, 0, 0, 0, 0, 0, 0, 0, 0, 0, 0, 0, 0,
	0, 0, 0, 0, 0, 0, 0, 0, 0, 0, 0, 0, 0, 0, 0,
	0, 0, 0, 0, 0, 0, 0, 0, 0, 0, 0, 0, 0, 0, 0,
	0, 0, 0, 0, 0, 0, 0, 0, 0, 0, 0, 0, 0, 0, 0,
	0, 0, 0, 0, 0, 0, 0, 0, 0, 0, 0, 0, 0, 0, 0,
	0, 0, 0, 0, 0, 0, 0, 0, 0, 0, 0, 0, 0, 0, 0,
	0, 0, 0, 0, 0, 0, 0, 0, 0, 0, 0, 0, 0, 0, 0,
	0, 0, 0, 0, 0, 0, 0, 0, 0, 0, 0, 0, 0, 0, 0,
	0, 0, 0, 0, 0, 0, 0, 0, 0, 0, 0, 0, 0, 0, 0,
	0, 0, 0, 0, 0, 0, 0, 0, 0, 0, 0, 0, 0, 0, 0,
	0, 0, 0, 0, 0, 0, 0, 0, 0, 0, 0, 0, 0, 0, 0,
	0, 0, 0, 0, 0, 0, 0, 0, 0, 0, 0, 0, 0, 0, 0,
	0, 0, 0, 0, 0, 0, 0, 0, 0, 0, 0, 0, 0, 0, 0,
	0, 0, 0, 0, 0, 0, 0, 0, 0, 0, 0, 0, 0, 0, 0,
	0, 0, 0, 0, 0, 0, 0, 0, 0, 0, 0, 0, 0, 0, 0,
	0, 0, 0, 0, 0, 0, 0, 0, 0, 0, 0, 0, 0, 0, 0,
	0, 0, 0, 0, 0, 0, 0, 0, 0, 0, 0, 0, 0, 0, 0,
	0, 0, 0, 0, 0, 0, 0, 0, 0, 0, 0, 0, 0, 0, 0,
	0, 0, 0, 0, 0, 0, 0, 0, 0, 0, 0, 0, 0, 0, 0,
	0, 0, 0, 0, 0, 0, 0, 0, 0, 0, 0, 0, 0, 0, 0,
	0, 0, 0, 0, 0, 0, 0, 0, 0, 0, 0, 0, 0, 0, 0,
	0, 0, 0, 0, 0, 0, 0, 0, 0, 0, 0, 0, 0, 0, 0,
	0, 0, 0, 0, 0, 0, 0, 0, 0, 0, 0, 0, 0, 0, 0,
	0, 0, 0, 0, 0, 0, 0, 0, 0, 0, 0, 0, 0, 0, 0,
	0, 0, 0, 0, 0, 0, 0, 0, 0, 0, 0, 0, 0, 0, 0,
}
U3_JITTER_Upper = {
	85, 85, 85, 85, 85, 85, 85, 85, 85, 85, 85, 85, 85, 85, 85,
	85, 85, 85, 85, 85, 85, 85, 85, 85, 85, 85, 85, 85, 85, 85,
	85, 85, 85, 85, 85, 85, 85, 85, 85, 85, 85, 85, 85, 85, 85,
	85, 85, 85, 85, 85, 85, 85, 85, 85, 85, 85, 85, 85, 85, 85,
	85, 85, 85, 85, 85, 85, 85, 85, 85, 85, 85, 85, 85, 85, 85,
	85, 85, 85, 85, 85, 85, 85, 85, 85, 85, 85, 85, 85, 85, 85,
	85, 85, 85, 85, 85, 85, 85, 85, 85, 85, 85, 85, 85, 85, 85,
	85, 85, 85, 85, 85, 85, 85, 85, 85, 85, 85, 85, 85, 85, 85,
	85, 85, 85, 85, 85, 85, 85, 85, 85, 85, 85, 85, 85, 85, 85,
	85, 85, 85, 85, 85, 85, 85, 85, 85, 85, 85, 85, 85, 85, 85,
	85, 85, 85, 85, 85, 85, 85, 85, 85, 85, 85, 85, 85, 85, 85,
	85, 85, 85, 85, 85, 85, 85, 85, 85, 85, 85, 85, 85, 85, 85,
	85, 85, 85, 85, 85, 85, 85, 85, 85, 85, 85, 85, 85, 85, 85,
	85, 85, 85, 85, 85, 85, 85, 85, 85, 85, 85, 85, 85, 85, 85,
	85, 85, 85, 85, 85, 85, 85, 85, 85, 85, 85, 85, 85, 85, 85,
	85, 85, 85, 85, 85, 85, 85, 85, 85, 85, 85, 85, 85, 85, 85,
	85, 85, 85, 85, 85, 85, 85, 85, 85, 85, 85, 85, 85, 85, 85,
	85, 85, 85, 85, 85, 85, 85, 85, 85, 85, 85, 85, 85, 85, 85,
	85, 85, 85, 85, 85, 85, 85, 85, 85, 85, 85, 85, 85, 85, 85,
	85, 85, 85, 85, 85, 85, 85, 85, 85, 85, 85, 85, 85, 85, 85,
	85, 85, 85, 85, 85, 85, 85, 85, 85, 85, 85, 85, 85, 85, 85,
	85, 85, 85, 85, 85, 85, 85, 85, 85, 85, 85, 85, 85, 85, 85,
	85, 85, 85, 85, 85, 85, 85, 85, 85, 85, 85, 85, 85, 85, 85,
	85, 85, 85, 85, 85, 85, 85, 85, 85, 85, 85, 85, 85, 85, 85,
	85, 85, 85, 85, 85, 85, 85, 85, 85, 85, 85, 85, 85, 85, 85,
	85, 85, 85, 85, 85, 85, 85, 85, 85, 85, 85, 85, 85, 85, 85,
}
U0_JITTER_Lower = {
	0, 0, 0, 0, 0, 0, 0, 0, 0, 0, 0, 0, 0, 0, 0,
	0, 0, 0, 0, 0, 0, 0, 0, 0, 0, 0, 0, 0, 0, 0,
	0, 0, 0, 0, 0, 0, 0, 0, 0, 0, 0, 0, 0, 0, 0,
	0, 0, 0, 0, 0, 0, 0, 0, 0, 0, 0, 0, 0, 0, 0,
	0, 0, 0, 0, 0, 0, 0, 0, 0, 0, 0, 0, 0, 0, 0,
	0, 0, 0, 0, 0, 0, 0, 0, 0, 0, 0, 0, 0, 0, 0,
	0, 0, 0, 0, 0, 0, 0, 0, 0, 0, 0, 0, 0, 0, 0,
	0, 0, 0, 0, 0, 0, 0, 0, 0, 0, 0, 0, 0, 0, 0,
	0, 0, 0, 0, 0, 0, 0, 0, 0, 0, 0, 0, 0, 0, 0,
	0, 0, 0, 0, 0, 0, 0, 0, 0, 0, 0, 0, 0, 0, 0,
	0, 0, 0, 0, 0, 0, 0, 0, 0, 0, 0, 0, 0, 0, 0,
	0, 0, 0, 0, 0, 0, 0, 0, 0, 0, 0, 0, 0, 0, 0,
	0, 0, 0, 0, 0, 0, 0, 0, 0, 0, 0, 0, 0, 0, 0,
	0, 0, 0, 0, 0, 0, 0, 0, 0, 0, 0, 0, 0, 0, 0,
	0, 0, 0, 0, 0, 0, 0, 0, 0, 0, 0, 0, 0, 0, 0,
	0, 0, 0, 0, 0, 0, 0, 0, 0, 0, 0, 0, 0, 0, 0,
	0, 0, 0, 0, 0, 0, 0, 0, 0, 0, 0, 0, 0, 0, 0,
	0, 0, 0, 0, 0, 0, 0, 0, 0, 0, 0, 0, 0, 0, 0,
	0, 0, 0, 0, 0, 0, 0, 0, 0, 0, 0, 0, 0, 0, 0,
	0, 0, 0, 0, 0, 0, 0, 0, 0, 0, 0, 0, 0, 0, 0,
	0, 0, 0, 0, 0, 0, 0, 0, 0, 0, 0, 0, 0, 0, 0,
	0, 0, 0, 0, 0, 0, 0, 0, 0, 0, 0, 0, 0, 0, 0,
	0, 0, 0, 0, 0, 0, 0, 0, 0, 0, 0, 0, 0, 0, 0,
	0, 0, 0, 0, 0, 0, 0, 0, 0, 0, 0, 0, 0, 0, 0,
	0, 0, 0, 0, 0, 0, 0, 0, 0, 0, 0, 0, 0, 0, 0,
	0, 0, 0, 0, 0, 0, 0, 0, 0, 0, 0, 0, 0, 0, 0,
}
U0_JITTER_Upper = {
	85, 85, 85, 85, 85, 85, 85, 85, 85, 85, 85, 85, 85, 85, 85,
	85, 85, 85, 85, 85, 85, 85, 85, 85, 85, 85, 85, 85, 85, 85,
	85, 85, 85, 85, 85, 85, 85, 85, 85, 85, 85, 85, 85, 85, 85,
	85, 85, 85, 85, 85, 85, 85, 85, 85, 85, 85, 85, 85, 85, 85,
	85, 85, 85, 85, 85, 85, 85, 85, 85, 85, 85, 85, 85, 85, 85,
	85, 85, 85, 85, 85, 85, 85, 85, 85, 85, 85, 85, 85, 85, 85,
	85, 85, 85, 85, 85, 85, 85, 85, 85, 85, 85, 85, 85, 85, 85,
	85, 85, 85, 85, 85, 85, 85, 85, 85, 85, 85, 85, 85, 85, 85,
	85, 85, 85, 85, 85, 85, 85, 85, 85, 85, 85, 85, 85, 85, 85,
	85, 85, 85, 85, 85, 85, 85, 85, 85, 85, 85, 85, 85, 85, 85,
	85, 85, 85, 85, 85, 85, 85, 85, 85, 85, 85, 85, 85, 85, 85,
	85, 85, 85, 85, 85, 85, 85, 85, 85, 85, 85, 85, 85, 85, 85,
	85, 85, 85, 85, 85, 85, 85, 85, 85, 85, 85, 85, 85, 85, 85,
	85, 85, 85, 85, 85, 85, 85, 85, 85, 85, 85, 85, 85, 85, 85,
	85, 85, 85, 85, 85, 85, 85, 85, 85, 85, 85, 85, 85, 85, 85,
	85, 85, 85, 85, 85, 85, 85, 85, 85, 85, 85, 85, 85, 85, 85,
	85, 85, 85, 85, 85, 85, 85, 85, 85, 85, 85, 85, 85, 85, 85,
	85, 85, 85, 85, 85, 85, 85, 85, 85, 85, 85, 85, 85, 85, 85,
	85, 85, 85, 85, 85, 85, 85, 85, 85, 85, 85, 85, 85, 85, 85,
	85, 85, 85, 85, 85, 85, 85, 85, 85, 85, 85, 85, 85, 85, 85,
	85, 85, 85, 85, 85, 85, 85, 85, 85, 85, 85, 85, 85, 85, 85,
	85, 85, 85, 85, 85, 85, 85, 85, 85, 85, 85, 85, 85, 85, 85,
	85, 85, 85, 85, 85, 85, 85, 85, 85, 85, 85, 85, 85, 85, 85,
	85, 85, 85, 85, 85, 85, 85, 85, 85, 85, 85, 85, 85, 85, 85,
	85, 85, 85, 85, 85, 85, 85, 85, 85, 85, 85, 85, 85, 85, 85,
	85, 85, 85, 85, 85, 85, 85, 85, 85, 85, 85, 85, 85, 85, 85,
}
